50 0 15 0 0 255 // BLUE
-50 0 15 0 0 255 // BLUE

-50 0 -15 0 0 255 // BLUE
-50 -200 -15 255 0 0 // RED

-50 -200 15 255 0 0 // RED
50 -200 15 255 0 0 // RED

50 -200 -15 255 0 0 // RED
50 -175 -15 255 0 0 // RED

50 -175 15 255 0 0 // RED
-25 -175 15 0 255 0 // GREEN

-25 -175 -15 0 255 0 // GREEN
-25 -25 -15 0 255 0 // GREEN

-25 -25 15 0 255 0 // GREEN
50 -25 15 0 0 255 // BLUE

50 -25 -15 0 0 255 // BLUE
50 0 -15 0 0 255 // BLUE



50 0 15 0 0 255 // BLUE
50 -25 15 0 0 255 // BLUE

50 -25 -15 0 0 255 // BLUE
-25 -25 -15 0 255 0 // GREEN

-25 -25 15 0 255 0 // GREEN
-25 -175 15 0 255 0 // GREEN

-25 -175 -15 0 255 0 // GREEN
50 -175 -15 255 0 0 // RED

50 -175 15 255 0 0 // RED
50 -200 15 255 0 0 // RED

50 -200 -15 255 0 0 // RED
-50 -200 -15 255 0 0 // RED

-50 -200 15 255 0 0 // RED
-50 0 15 0 0 255 // BLUE

-50 0 -15 0 0 255 // BLUE
50 0 -15 0 0 255 // BLUE