0 -75 15 255 0 0 //
-25 -125 15 255 0 0 //
-25 -125 -15 255 0 0 //
-50 -125 -15 255 0 0 //
-50 -125 15 255 0 0 //
-50 0 15 255 0 0 //
-50 0 -15 255 0 0 //
-25 0 -15 255 0 0 //
-25 0 15 255 0 0 //
-25 -75 15 255 0 0 //
-25 -75 -15 255 0 0 //
0 -25 -15 255 0 0 //
0 -25 15 255 0 0 //
25 -75 15 255 0 0 //
25 -75 -15 255 0 0 //
25 0 -15 255 0 0 //
25 0 15 255 0 0 //
50 0 15 255 0 0 //
50 0 -15 255 0 0 //
50 -125 -15 255 0 0 //
50 -125 15 255 0 0 //
25 -125 15 255 0 0 //
25 -125 -15 255 0 0 //
0 -75 -15 255 0 0 //

0 -75 15 255 0 0
25 -125 15 255 0 0
25 -125 -15 255 0 0
50 -125 -15 255 0 0
50 -125 15 255 0 0
50 0 15 255 0 0
50 0 -15 255 0 0
25 0 -15 255 0 0
25 0 15 255 0 0
25 -75 15 255 0 0
25 -75 -15 255 0 0
0 -25 -15 255 0 0
0 -25 15 255 0 0
-25 -75 15 255 0 0
-25 -75 -15 255 0 0
-25 0 -15 255 0 0
-25 0 15 255 0 0
-50 0 15 255 0 0
-50 0 -15 255 0 0
-50 -125 -15 255 0 0
-50 -125 15 255 0 0
-25 -125 15 255 0 0
-25 -125 -15 255 0 0
0 -75 -15 255 0 0